{
  "subMarkersControls": [
    {
      "parameters": {
        "type": "barcode",
        "barcodeValue": 0
      },
      "poseMatrix": [
        0.5700474671057296,
        0.7597501880511192,
        0.31277074192230825,
        0,
        0.8202678459217713,
        -0.548029220031567,
        -0.16378227907331594,
        0,
        0.04697388841898447,
        0.34991945608651354,
        -0.9356013189702755,
        0,
        0.06166556403892677,
        0.11196345297566286,
        -0.27791535941814255,
        1
      ]
    },
    {
      "parameters": {
        "type": "barcode",
        "barcodeValue": 1
      },
      "poseMatrix": [
        -0.9910867090946143,
        0,
        0.13321837356764138,
        0,
        0,
        1,
        0,
        0,
        -0.13321837356764138,
        0,
        -0.9910867090946142,
        0,
        0.18618823280956837,
        0,
        0.171258616392131,
        1
      ]
    },
    {
      "parameters": {
        "type": "barcode",
        "barcodeValue": 2
      },
      "poseMatrix": [
        0.8239965506109792,
        -0.5641346925362025,
        0.05274213930333249,
        0,
        -0.2786006753665185,
        -0.4844642087379014,
        -0.8292623795502114,
        0,
        0.4933673563041313,
        0.6686153446706434,
        -0.5563651432327775,
        0,
        -0.025537747873030092,
        0.03883351391451032,
        -0.05984019882746294,
        1
      ]
    },
    {
      "parameters": {
        "type": "barcode",
        "barcodeValue": 3
      },
      "poseMatrix": [
        -0.9984101850914622,
        0,
        0.056365790206755424,
        0,
        0,
        1,
        0,
        0,
        -0.056365790206755424,
        0,
        -0.9984101850914623,
        0,
        -0.1622892801078989,
        0,
        0.17254191077423023,
        1
      ]
    },
    {
      "parameters": {
        "type": "barcode",
        "barcodeValue": 4
      },
      "poseMatrix": [
        1,
        0,
        0,
        0,
        0,
        1,
        0,
        0,
        0,
        0,
        1,
        0,
        0.16675523139111997,
        0,
        -0.18666223403178553,
        1
      ]
    },
    {
      "parameters": {
        "type": "barcode",
        "barcodeValue": 6
      },
      "poseMatrix": [
        -0.9972790214947163,
        0,
        0.07371942272251739,
        0,
        0,
        1,
        0,
        0,
        -0.07371942272251739,
        0,
        -0.9972790214947163,
        0,
        -0.19065418409278945,
        0,
        -0.15713829313457575,
        1
      ]
    }
  ]
}
